5.9945
2.99
3.038
1.9618
2.0014
3.9897
1.9893
4.0014
2.9956
2.0014
3.9907
2.9918
3.9991
1.9813
4.0005
4.0374
3.0035
2.989
3.0465
4.0052
2.9909
4.9942
4.0257
1.0012
6.0089
4.0295
4.0252
2.9979
4.0019
1.9921
5.0045
3.9931
2.9583
5.0209
3.0077
4.0014
3.0194
4.0042
1.0138
3.0096
4.0257
3.9879
4.0024
4.9923
3.005
5.0124
1.9907
2.0467
2.9951
2
3.0044
256.189
222.1752
288.1944
239.1718
8.0187
6.0514
1.0161
3.9926
5.0147
3.0199
3.0073
2.9956
4.0014
4.0318
2.99
2.0033
0.9891
3.0002
3.0152
3.0003
4.0014
2.9835
2.0047
3.0143
2.0051
2.0085
2.0206
0.9792
3.0054
3.0012
3.0203
3.0236
2.99
2.9975
5.0198
3.9678
3.9953
7.0017
2.9938
4.0029
3.0101
3.0129
9.0218
12.002
6.9929
11.0031
9.0027
8.9971
6.0048
6.0159
6.0117
5.0222
2.9839
4.0215
6.0033
5.9842
3.9781
