5.0017
1.9977
2.0014
2.9984
1.9907
1.986
2.9886
2.989
1.0007
1.9939
3.011
1.9954
2.9881
1.994
2.0135
3.0017
1.9809
0.9764
1.491
2.0112
2.0201
2.0066
3.0082
3.0026
3.0096
5.005
2.9984
2.0066
1.0017
0.9685
1.0011
1.0008
3.0184
1.0012
2.0136
4.015
0.9816
3.0245
2.9919
2.9872
3.0119
2.9993
1.9781
3.01
6.0048
4.9938
2.9988
5.966
2.984
10.0011
3.9875
1.0012
0.9969
2.9867
0.9988
2.0061
1.9664
1.0035
1.0156
0.9969
2.0079
0
2.9951
2.9998
2.0126
2.9998
3.0133
2.9909
0.9844
5.0204
1.0133
1.9912
1.9963
0.9811
3.0021
1.9702
1.9893
3.9903
0.9974
1.9832
2.9988
4.9882
1.0091
3.0316
2.008
2.5207
5.017
4.0019
3.9958
13.0022
4.9938
5.0045
1.9945
1.9945
1.0581
2.9932
1.9944
1.0002
1.9902
2.0014
1.0017
1.9958
1.9921
1.9953
2.0033
0.9993
3.0124
1.9944
4.9989
1.9926
1.9958
0.9993
1.9996
0.9947
1.9912
1.9921
1.0008
2.998
1.9982
1.9967
1.9945
0.9998
2.9965
1.9954
0.9988
1.9995
3.0166
1.0007
3.0026
3.9944
0.9993
1.9996
0.997
0.9905
0.9998
0.9993
2.0024
1.0016
0.997
2.0029
2.991
1.9944
2.0154
1.0016
1.0007
1.0021
4.9965
5.0195
1.9963
1.9856
6.0028
4.0197
2.0019
4.0033
1.9945
1.9977
3.0007
1.9939
0.9961
1.9847
1.9818
2.9886
4.0094
2.9961
2.0023
2.0028
3.9982
4.9858
3.993
2.0014
2.9896
2.9984
2.9937
1.959
2.0024
2.001
1.9953
2.9862
1.9893
4.9938
9.3078
3.0021
5.0022
1.0095
1.9692
1.0021
0.9993
1.0002
0.9974
1.011
5.0204
4.9966
1.0002
5.9852
5.0031
5.9968
4.9937
5.0059
3.0376
5.0017
4.9933
3.9921
1.0156
3.0063
2.0028
4.0047
2.0084
0.9909
4.0038
2.9993
0.9909
5.0012
1.0008
4.9798
4.0029
4.0037
3.9912
4.998
5.0045
5.9866
1.0217
1.0012
2.9914
2.001
0.9998
3.0016
3.9902
4.0024
0.9928
0.9718
0.9905
0.9909
2.0005
4.9863
4.9634
3.0068
2.9918
7.9805
3.9907
0.9989
2.9928
5.9936
1.0138
2.9666
3.9959
1.9958
5.9762
3.0147
2.0079
2.0177
6.9849
4.0131
0.9741
0.9904
5.0199
0.9928
0.968
1.9945
2.0108
1.993
0.9942
2.0191
2.0047
2.0009
1.9977
1.0035
0.9913
8.0048
1.0021
2.9821
3.9856
